     1     2
     1     1     1     1  1.00000000  4D   F  3
     1     2     2     1  1.00000000  2P   F  3
     1     1     1     2  0.17264957 F2
     1     2     2     2 -0.04957265 F2
     1     1     1     3  0.01165501 F4
     1     2     2     3  0.00155400 F4
     1     1     1     4 -0.19873289 F6
     1     2     2     4  0.07321738 F6
     1     1     1     5 -0.02446153 .01ALPH
     1     2     2     5 -0.02846153 .01ALPH
     1     1     1     6 -0.10256410 BETA
     1     2     2     6 -0.26923077 BETA
     1     1     1     7 -0.32307690 GAMMA
     1     2     2     7  0.27692306 GAMMA
     1     1     1     8  1.11116780 T2
     1     2     2     8 -0.25253800 T2
     1     1     1     9  0.09759000 T3
     1     2     2     9 -0.58554000 T3
     1     1     1    10 -1.16700680 T4
     1     2     2    11 -1.52362350 T6
     1     1     1    14 -1.50000000 ZETA
     1     1     1    15 11.89999944 M0
     1     1     1    16-18.09999640 M2
     1     1     1    17-19.40908767 M4
     1     1     1    18 -0.12777776 P2
     1     1     1    19 -0.04292929 P4
     1     1     1    20  0.03399380 P6
     1     1     2    14 -1.58113883 ZETA
     1     1     2    15 -2.42441266 M0
     1     1     2    16  2.31900337 M2
     1     1     2    17 -0.81452561 M4
     1     1     2    18  0.06441676 P2
     1     1     2    19  0.01597110 P4
     1     1     2    20 -0.03583260 P6
     1     2     2    15  4.66666625 M0
     1     2     2    16  3.00000097 M2
     1     2     2    17 -6.36363739 M4
     1     2     2    18 -0.09629627 P2
     1     2     2    19  0.07575757 P4
     1     2     2    20 -0.04532506 P6

     2     6
     2     1     1     1  1.00000000  4S   F  3
     2     2     2     1  1.00000000  4D   F  3
     2     3     3     1  1.00000000  4F   F  3
     2     4     4     1  1.00000000  2P   F  3
     2     5     5     1  1.00000000  2D1  F  3
     2     6     6     1  1.00000000  2D2  F  3
     2     1     1     2 -0.07179487 F2
     2     2     2     2  0.17264957 F2
     2     3     3     2 -0.07179487 F2
     2     4     4     2 -0.04957265 F2
     2     5     5     2 -0.06354090 F2
     2     5     6     2 -0.04376810 F2
     2     6     6     2  0.12439560 F2
     2     1     1     3 -0.04895105 F4
     2     2     2     3  0.01165501 F4
     2     3     3     3 -0.04895105 F4
     2     4     4     3  0.00155400 F4
     2     5     5     3  0.05061605 F4
     2     5     6     3  0.15373092 F4
     2     6     6     3 -0.02455121 F4
     2     1     1     4 -0.06275776 F6
     2     2     2     4 -0.19873289 F6
     2     3     3     4 -0.06275776 F6
     2     4     4     4  0.07321738 F6
     2     5     5     4  0.03436734 F6
     2     5     6     4 -0.12173263 F6
     2     6     6     4  0.03789916 F6
     2     1     1     5 -0.03046153 .01ALPH
     2     2     2     5 -0.02446153 .01ALPH
     2     3     3     5 -0.01846153 .01ALPH
     2     4     4     5 -0.02846153 .01ALPH
     2     5     5     5 -0.02446153 .01ALPH
     2     6     6     5 -0.02446153 .01ALPH
     2     1     1     6 -1.26923077 BETA
     2     2     2     6 -0.10256410 BETA
     2     3     3     6 -0.76923077 BETA
     2     4     4     6 -0.26923077 BETA
     2     5     5     6 -0.10256410 BETA
     2     6     6     6  0.48076923 BETA
     2     1     1     7 -0.32307690 GAMMA
     2     2     2     7 -0.32307690 GAMMA
     2     3     3     7 -0.32307690 GAMMA
     2     4     4     7  0.27692306 GAMMA
     2     5     5     7  0.27692306 GAMMA
     2     6     6     7  0.27692306 GAMMA
     2     2     2     8  1.11116780 T2
     2     4     4     8 -0.25253800 T2
     2     5     5     8 -0.20924590 T2
     2     5     6     8  0.13565190 T2
     2     6     6     8 -0.27746400 T2
     2     1     1     9  3.51324020 T3
     2     2     2     9  0.09759000 T3
     2     3     3     9 -0.87831000 T3
     2     4     4     9 -0.58554000 T3
     2     5     5     9  0.39036000 T3
     2     6     6     9 -0.03659630 T3
     2     2     2    10 -1.16700680 T4
     2     5     5    10 -0.16671530 T4
     2     5     6    10  0.39178890 T4
     2     6     6    10  0.47172840 T4
     2     4     4    11 -1.52362350 T6
     2     5     5    11  0.65298150 T6
     2     5     6    11 -0.18187120 T6
     2     6     6    11 -0.08508550 T6
     2     5     5    12  0.86627790 T7
     2     5     6    12  0.07539980 T7
     2     6     6    12 -0.15422370 T7
     2     6     6    13  1.14824470 T8
     2     1     4    14 -2.44948974 ZETA
     2     1     4    15 -3.26598636 M0
     2     1     4    16  2.17732409 M2
     2     1     4    17 -0.49484645 M4
     2     2     2    14 -1.00000000 ZETA
     2     2     2    15  7.93333296 M0
     2     2     2    16-12.06666426 M2
     2     2     2    17-12.93939178 M4
     2     2     2    18 -0.08518518 P2
     2     2     2    19 -0.02861952 P4
     2     2     2    20  0.02266253 P6
     2     2     3    15 -1.95959164 M0
     2     2     3    16  2.93938693 M2
     2     2     3    17  4.89897864 M4
     2     2     4    14 -1.11803399 ZETA
     2     2     4    15 -1.71431863 M0
     2     2     4    16  1.63978301 M2
     2     2     4    17 -0.57595658 M4
     2     2     4    18  0.04554953 P2
     2     2     4    19  0.01129328 P4
     2     2     4    20 -0.02533747 P6
     2     2     5    14  0.18898224 ZETA
     2     2     5    15  0.46615605 M0
     2     2     5    16  4.68675894 M2
     2     2     5    17  1.46031690 M4
     2     2     5    18 -0.08469203 P2
     2     2     5    19  0.03690562 P4
     2     2     5    20 -0.00428282 P6
     2     2     6    14 -2.17124059 ZETA
     2     2     6    15 -5.35572647 M0
     2     2     6    16  3.10991758 M2
     2     2     6    17  4.12914476 M4
     2     2     6    18  0.07237469 P2
     2     2     6    19 -0.01229505 P4
     2     2     6    20 -0.01341977 P6
     2     3     3    14 -2.00000000 ZETA
     2     3     3    15 25.66666528 M0
     2     3     3    16  0.66666662 M2
     2     3     3    17 -1.06060591 M4
     2     3     3    18 -0.04814816 P2
     2     3     3    19 -0.02693602 P4
     2     3     3    20 -0.02266253 P6
     2     3     5    14 -2.77746030 ZETA
     2     3     5    15 -5.18459237 M0
     2     3     5    16  4.69082080 M2
     2     3     5    17  3.14217773 M4
     2     3     6    14  0.88640526 ZETA
     2     3     6    15  1.65462301 M0
     2     3     6    16  6.46269962 M2
     2     3     6    17  1.23071070 M4
     2     3     6    18 -0.09192349 P2
     2     3     6    19  0.06362473 P4
     2     3     6    20 -0.02556678 P6
     2     4     4    15 -2.33333312 M0
     2     4     4    16 -1.50000049 M2
     2     4     4    17  3.18181869 M4
     2     4     4    18  0.04814814 P2
     2     4     4    19 -0.03787879 P4
     2     4     4    20  0.02266253 P6
     2     4     5    14  2.95803989 ZETA
     2     4     5    15  4.02856859 M0
     2     4     5    16 -2.87352427 M2
     2     4     5    17  0.72990586 M4
     2     4     5    18 -0.01721610 P2
     2     4     5    19 -0.00426846 P4
     2     4     5    20  0.00957667 P6
     2     4     6    15 -0.97100823 M0
     2     4     6    16  1.08870542 M2
     2     4     6    17  3.50419067 M4
     2     4     6    18 -0.05394491 P2
     2     4     6    19 -0.01337477 P4
     2     4     6    20  0.03000751 P6
     2     5     5    14 -0.14285714 ZETA
     2     5     5    15  7.50476159 M0
     2     5     5    16 -2.20476252 M2
     2     5     5    17  2.69264205 M4
     2     5     5    18 -0.00359790 P2
     2     5     5    19 -0.05278980 P4
     2     5     5    20  0.03237505 P6
     2     5     6    14  1.64130361 ZETA
     2     5     6    15  4.54093979 M0
     2     5     6    16 -2.96263515 M2
     2     5     6    17 -3.85382277 M4
     2     5     6    18 -0.00547101 P2
     2     5     6    19  0.00778702 P4
     2     5     6    20 -0.00507219 P6
     2     6     6    14 -1.35714286 ZETA
     2     6     6    15  2.39523809 M0
     2     6     6    16 -9.11644840 M2
     2     6     6    17 -8.23120746 M4
     2     6     6    18  0.08470899 P2
     2     6     6    19 -0.03766014 P4
     2     6     6    20 -0.01074262 P6

     3     7
     3     1     1     1  1.00000000  4D   F  3
     3     2     2     1  1.00000000  4F   F  3
     3     3     3     1  1.00000000  4G   F  3
     3     4     4     1  1.00000000  2D1  F  3
     3     5     5     1  1.00000000  2D2  F  3
     3     6     6     1  1.00000000  2F1  F  3
     3     7     7     1  1.00000000  2F2  F  3
     3     1     1     2  0.17264957 F2
     3     2     2     2 -0.07179487 F2
     3     3     3     2  0.01709402 F2
     3     4     4     2 -0.06354090 F2
     3     4     5     2 -0.04376810 F2
     3     5     5     2  0.12439560 F2
     3     6     6     2  0.23931624 F2
     3     6     7     2 -0.20846292 F2
     3     7     7     2  0.37264957 F2
     3     1     1     3  0.01165501 F4
     3     2     2     3 -0.04895105 F4
     3     3     3     3 -0.02691248 F4
     3     4     4     3  0.05061605 F4
     3     4     5     3  0.15373092 F4
     3     5     5     3 -0.02455121 F4
     3     6     6     3  0.16317016 F4
     3     6     7     3 -0.05168502 F4
     3     7     7     3  0.02267430 F4
     3     1     1     4 -0.19873289 F6
     3     2     2     4 -0.06275776 F6
     3     3     3     4 -0.11220326 F6
     3     4     4     4  0.03436734 F6
     3     4     5     4 -0.12173263 F6
     3     5     5     4  0.03789916 F6
     3     6     6     4  0.20919252 F6
     3     6     7     4  0.11595999 F6
     3     7     7     4 -0.08748051 F6
     3     1     1     5 -0.02446153 .01ALPH
     3     2     2     5 -0.01846153 .01ALPH
     3     3     3     5 -0.01046153 .01ALPH
     3     4     4     5 -0.02446153 .01ALPH
     3     5     5     5 -0.02446153 .01ALPH
     3     6     6     5 -0.01846153 .01ALPH
     3     7     7     5 -0.01846153 .01ALPH
     3     1     1     6 -0.10256410 BETA
     3     2     2     6 -0.76923077 BETA
     3     3     3     6 -0.10256410 BETA
     3     4     4     6 -0.10256410 BETA
     3     5     5     6  0.48076923 BETA
     3     6     6     6 -0.76923077 BETA
     3     7     7     6  0.48076923 BETA
     3     1     1     7 -0.32307690 GAMMA
     3     2     2     7 -0.32307690 GAMMA
     3     3     3     7 -0.32307690 GAMMA
     3     4     4     7  0.27692306 GAMMA
     3     5     5     7  0.27692306 GAMMA
     3     6     6     7 -0.92307687 GAMMA
     3     7     7     7  0.27692306 GAMMA
     3     1     1     8  1.11116780 T2
     3     3     3     8  0.40406100 T2
     3     4     4     8 -0.20924590 T2
     3     4     5     8  0.13565190 T2
     3     5     5     8 -0.27746400 T2
     3     6     7     8  0.71070530 T2
     3     7     7     8 -0.01377480 T2
     3     1     1     9  0.09759000 T3
     3     2     2     9 -0.87831000 T3
     3     3     3     9  0.09759000 T3
     3     4     4     9  0.39036000 T3
     3     5     5     9 -0.03659630 T3
     3     7     7     9 -0.03659630 T3
     3     1     1    10 -1.16700680 T4
     3     3     3    10  1.06091520 T4
     3     4     4    10 -0.16671530 T4
     3     4     5    10  0.39178890 T4
     3     5     5    10  0.47172840 T4
     3     7     7    10  0.19892160 T4
     3     4     4    11  0.65298150 T6
     3     4     5    11 -0.18187120 T6
     3     5     5    11 -0.08508550 T6
     3     7     7    11  0.06925560 T6
     3     4     4    12  0.86627790 T7
     3     4     5    12  0.07539980 T7
     3     5     5    12 -0.15422370 T7
     3     7     7    12 -0.11484740 T7
     3     5     5    13  1.14824470 T8
     3     7     7    13 -0.82017480 T8
     3     1     1    14 -0.16666667 ZETA
     3     1     1    15  1.32222216 M0
     3     1     1    16 -2.01111071 M2
     3     1     1    17 -2.15656530 M4
     3     1     1    18 -0.01419753 P2
     3     1     1    19 -0.00476992 P4
     3     1     1    20  0.00377709 P6
     3     1     2    15 -2.79318877 M0
     3     1     2    16  4.18978240 M2
     3     1     2    17  6.98297129 M4
     3     1     4    14  0.23570226 ZETA
     3     1     4    15  0.58139875 M0
     3     1     4    16  5.84541540 M2
     3     1     4    17  1.82133517 M4
     3     1     4    18 -0.10562952 P2
     3     1     4    19  0.04602939 P4
     3     1     4    20 -0.00534161 P6
     3     1     5    14 -2.70801280 ZETA
     3     1     5    15 -6.67976451 M0
     3     1     5    16  3.87874869 M2
     3     1     5    17  5.14994833 M4
     3     1     5    18  0.09026709 P2
     3     1     5    19 -0.01533462 P4
     3     1     5    20 -0.01673739 P6
     3     1     6    14  0.97590007 ZETA
     3     1     6    15  1.82167994 M0
     3     1     6    16 -0.99758664 M2
     3     1     6    17 -1.10404807 M4
     3     1     6    18 -0.08674666 P2
     3     1     6    19 -0.03614443 P4
     3     1     7    16  3.42147295 M2
     3     1     7    17  5.23729199 M4
     3     2     2    14 -1.16666667 ZETA
     3     2     2    15 14.97222141 M0
     3     2     2    16  0.38888886 M2
     3     2     2    17 -0.61868678 M4
     3     2     2    18 -0.02808642 P2
     3     2     2    19 -0.01571268 P4
     3     2     2    20 -0.01321981 P6
     3     2     3    15 -3.64128092 M0
     3     2     3    16 -4.70791828 M2
     3     2     3    17 -3.59446888 M4
     3     2     3    18 -0.03146785 P2
     3     2     3    19 -0.00780195 P4
     3     2     3    20  0.01750438 P6
     3     2     4    14 -1.85164020 ZETA
     3     2     4    15 -3.45639491 M0
     3     2     4    16  3.12721387 M2
     3     2     4    17  2.09478515 M4
     3     2     5    14  0.59093684 ZETA
     3     2     5    15  1.10308201 M0
     3     2     5    16  4.30846641 M2
     3     2     5    17  0.82047380 M4
     3     2     5    18 -0.06128233 P2
     3     2     5    19  0.04241649 P4
     3     2     5    20 -0.01704452 P6
     3     2     6    14  0.74535599 ZETA
     3     2     6    15  2.73297172 M0
     3     2     6    16  0.49690397 M2
     3     2     6    17 -0.11293263 M4
     3     2     6    18 -0.03588751 P2
     3     2     6    19 -0.02007692 P4
     3     2     6    20 -0.01689165 P6
     3     2     7    14  0.87400737 ZETA
     3     2     7    15  3.20469361 M0
     3     2     7    16  1.66855938 M2
     3     2     7    17  0.03611587 M4
     3     2     7    18  0.01618532 P2
     3     2     7    19  0.01618532 P4
     3     2     7    20 -0.01980722 P6
     3     3     3    14 -2.50000000 ZETA
     3     3     3    15 28.58333189 M0
     3     3     3    16  9.07575549 M2
     3     3     3    17 11.16046636 M4
     3     3     3    18 -0.05092592 P2
     3     3     3    19 -0.03137434 P4
     3     3     3    20 -0.03347874 P6
     3     3     6    14 -2.17124059 ZETA
     3     3     6    15 -5.06622744 M0
     3     3     6    16 -2.32476242 M2
     3     3     6    17 -2.58196081 M4
     3     3     6    18  0.13670770 P2
     3     3     6    19  0.06645973 P4
     3     3     6    20  0.03131279 P6
     3     3     7    14 -1.62018517 ZETA
     3     3     7    15 -3.78043185 M0
     3     3     7    16  6.57659404 M2
     3     3     7    17  9.18699964 M4
     3     3     7    18  0.04200480 P2
     3     3     7    19 -0.01215014 P4
     3     3     7    20 -0.00333796 P6
     3     4     4    14  0.09523810 ZETA
     3     4     4    15 -5.00317440 M0
     3     4     4    16  1.46984168 M2
     3     4     4    17 -1.79509470 M4
     3     4     4    18  0.00239860 P2
     3     4     4    19  0.03519320 P4
     3     4     4    20 -0.02158336 P6
     3     4     5    14 -1.09420241 ZETA
     3     4     5    15 -3.02729319 M0
     3     4     5    16  1.97509010 M2
     3     4     5    17  2.56921518 M4
     3     4     5    18  0.00364734 P2
     3     4     5    19 -0.00519135 P4
     3     4     5    20  0.00338146 P6
     3     4     6    14  0.69006556 ZETA
     3     4     6    15  0.18401735 M0
     3     4     6    16  0.95075687 M2
     3     4     6    17  1.97958107 M4
     3     4     6    18 -0.06133914 P2
     3     4     6    19 -0.02555797 P4
     3     4     7    15 -1.29467773 M0
     3     4     7    16 -7.01610541 M2
     3     4     7    17 -8.28938485 M4
     3     5     5    14  0.90476190 ZETA
     3     5     5    15 -1.59682539 M0
     3     5     5    16  6.07763226 M2
     3     5     5    17  5.48747164 M4
     3     5     5    18 -0.05647266 P2
     3     5     5    19  0.02510676 P4
     3     5     5    20  0.00716175 P6
     3     5     6    14  1.32137495 ZETA
     3     5     6    15  4.05221601 M0
     3     5     6    16  3.65179949 M2
     3     5     6    17  3.75663455 M4
     3     5     6    18 -0.04893979 P2
     3     5     6    19 -0.03195242 P4
     3     5     6    20 -0.03811271 P6
     3     5     7    14  1.97202659 ZETA
     3     5     7    15  4.35723947 M0
     3     5     7    16 -9.08839427 M2
     3     5     7    17-11.49068087 M4
     3     5     7    18 -0.11686083 P2
     3     5     7    19 -0.00150906 P4
     3     5     7    20  0.04062828 P6
     3     6     6    14 -1.33333333 ZETA
     3     6     6    15  3.77777735 M0
     3     6     6    16  0.22222221 M2
     3     6     6    17  0.10101007 M4
     3     6     6    18 -0.12098763 P2
     3     6     6    19 -0.05499436 P4
     3     6     6    20 -0.01510835 P6
     3     6     7    14 -1.56347192 ZETA
     3     6     7    15 -4.16925799 M0
     3     6     7    16 -1.51609384 M2
     3     6     7    17 -1.33519583 M4
     3     6     7    18  0.09265017 P2
     3     6     7    19  0.04642078 P4
     3     6     7    20  0.02576889 P6
     3     7     7    14  0.66666667 ZETA
     3     7     7    15 10.11111055 M0
     3     7     7    16  4.46464544 M2
     3     7     7    17  4.27456361 M4
     3     7     7    18 -0.13209876 P2
     3     7     7    19  0.00867258 P4
     3     7     7    20  0.01579509 P6

     4     7
     4     1     1     1  1.00000000  4D   F  3
     4     2     2     1  1.00000000  4F   F  3
     4     3     3     1  1.00000000  4G   F  3
     4     4     4     1  1.00000000  2F1  F  3
     4     5     5     1  1.00000000  2F2  F  3
     4     6     6     1  1.00000000  2G1  F  3
     4     7     7     1  1.00000000  2G2  F  3
     4     1     1     2  0.17264957 F2
     4     2     2     2 -0.07179487 F2
     4     3     3     2  0.01709402 F2
     4     4     4     2  0.23931624 F2
     4     4     5     2 -0.20846292 F2
     4     5     5     2  0.37264957 F2
     4     6     6     2  0.07423687 F2
     4     6     7     2  0.24951654 F2
     4     7     7     2  0.11106227 F2
     4     1     1     3  0.01165501 F4
     4     2     2     3 -0.04895105 F4
     4     3     3     3 -0.02691248 F4
     4     4     4     3  0.16317016 F4
     4     4     5     3 -0.05168502 F4
     4     5     5     3  0.02267430 F4
     4     6     6     3 -0.01549965 F4
     4     6     7     3 -0.03436867 F4
     4     7     7     3  0.14441114 F4
     4     1     1     4 -0.19873289 F6
     4     2     2     4 -0.06275776 F6
     4     3     3     4 -0.11220326 F6
     4     4     4     4  0.20919252 F6
     4     4     5     4  0.11595999 F6
     4     5     5     4 -0.08748051 F6
     4     6     6     4  0.04672872 F6
     4     6     7     4 -0.05338329 F6
     4     7     7     4 -0.10758472 F6
     4     1     1     5 -0.02446153 .01ALPH
     4     2     2     5 -0.01846153 .01ALPH
     4     3     3     5 -0.01046153 .01ALPH
     4     4     4     5 -0.01846153 .01ALPH
     4     5     5     5 -0.01846153 .01ALPH
     4     6     6     5 -0.01046153 .01ALPH
     4     7     7     5 -0.01046153 .01ALPH
     4     1     1     6 -0.10256410 BETA
     4     2     2     6 -0.76923077 BETA
     4     3     3     6 -0.10256410 BETA
     4     4     4     6 -0.76923077 BETA
     4     5     5     6  0.48076923 BETA
     4     6     6     6 -0.10256410 BETA
     4     7     7     6  0.48076923 BETA
     4     1     1     7 -0.32307690 GAMMA
     4     2     2     7 -0.32307690 GAMMA
     4     3     3     7 -0.32307690 GAMMA
     4     4     4     7 -0.92307687 GAMMA
     4     5     5     7  0.27692306 GAMMA
     4     6     6     7  0.27692306 GAMMA
     4     7     7     7  0.27692306 GAMMA
     4     1     1     8  1.11116780 T2
     4     3     3     8  0.40406100 T2
     4     4     5     8  0.71070530 T2
     4     5     5     8 -0.01377480 T2
     4     6     6     8 -0.07608940 T2
     4     6     7     8  0.12888910 T2
     4     7     7     8  0.00721540 T2
     4     1     1     9  0.09759000 T3
     4     2     2     9 -0.87831000 T3
     4     3     3     9  0.09759000 T3
     4     5     5     9 -0.03659630 T3
     4     6     6     9  0.39036000 T3
     4     7     7     9 -0.03659630 T3
     4     1     1    10 -1.16700680 T4
     4     3     3    10  1.06091520 T4
     4     5     5    10  0.19892160 T4
     4     6     6    10  0.15155930 T4
     4     6     7    10 -0.22908110 T4
     4     7     7    10 -0.36068200 T4
     4     5     5    11  0.06925560 T6
     4     6     6    11  0.23744780 T6
     4     6     7    11 -0.17280420 T6
     4     7     7    11  0.06194950 T6
     4     5     5    12 -0.11484740 T7
     4     6     6    12 -0.78752530 T7
     4     6     7    12 -0.04408670 T7
     4     7     7    12  0.16381536 T7
     4     5     5    13 -0.82017480 T8
     4     7     7    13  0.32386390 T8
     4     1     1    14  1.00000000 ZETA
     4     1     1    15 -7.93333296 M0
     4     1     1    16 12.06666426 M2
     4     1     1    17 12.93939178 M4
     4     1     1    18  0.08518518 P2
     4     1     1    19  0.02861952 P4
     4     1     1    20 -0.02266253 P6
     4     1     2    15 -2.86854843 M0
     4     1     2    16  4.30282187 M2
     4     1     2    17  7.17137042 M4
     4     1     4    14  2.07019668 ZETA
     4     1     4    15  3.86436671 M0
     4     1     4    16 -2.11620082 M2
     4     1     4    17 -2.34203963 M4
     4     1     4    18 -0.18401745 P2
     4     1     4    19 -0.07667391 P4
     4     1     5    16  7.25804017 M2
     4     1     5    17 11.10997404 M4
     4     2     2    14  0.0        ZETA
     4     2     2    15  0.0        M0
     4     2     2    16  0.0        M2
     4     2     2    17  0.0        M4
     4     2     2    18  0.0        P2
     4     2     2    19  0.0        P4
     4     2     2    20  0.0        P6
     4     2     3    15 -4.85504122 M0
     4     2     3    16 -6.27722437 M2
     4     2     3    17 -4.79262518 M4
     4     2     3    18 -0.04195714 P2
     4     2     3    19 -0.01040260 P4
     4     2     3    20  0.02333917 P6
     4     2     4    14  0.86602540 ZETA
     4     2     4    15  3.17542619 M0
     4     2     4    16  0.57735023 M2
     4     2     4    17 -0.13121586 M4
     4     2     4    18 -0.04169751 P2
     4     2     4    19 -0.02332727 P4
     4     2     4    20 -0.01962632 P6
     4     2     5    14  1.01550480 ZETA
     4     2     5    15  3.72351749 M0
     4     2     5    16  1.93869081 M2
     4     2     5    17  0.04196285 M4
     4     2     5    18  0.01880564 P2
     4     2     5    19  0.01880564 P4
     4     2     5    20 -0.02301391 P6
     4     2     6    14  1.08562030 ZETA
     4     2     6    15  2.53311398 M0
     4     2     6    16  0.43863417 M2
     4     2     6    17  1.29098109 M4
     4     2     6    18 -0.00938190 P2
     4     2     6    19 -0.00232609 P4
     4     2     6    20  0.00521880 P6
     4     2     7    14 -0.53868225 ZETA
     4     2     7    15 -1.25692524 M0
     4     2     7    16  2.83705964 M2
     4     2     7    17  0.32521805 M4
     4     2     7    18 -0.03072483 P2
     4     2     7    19  0.01904432 P4
     4     2     7    20 -0.00657349 P6
     4     3     3    14 -1.33333333 ZETA
     4     3     3    15 15.24444367 M0
     4     3     3    16  4.84040293 M2
     4     3     3    17  5.95224873 M4
     4     3     3    18 -0.02716049 P2
     4     3     3    19 -0.01673298 P4
     4     3     3    20 -0.01785533 P6
     4     3     4    14 -1.40152978 ZETA
     4     3     4    15 -3.27023575 M0
     4     3     4    16 -1.50062769 M2
     4     3     4    17 -1.66664853 M4
     4     3     4    18  0.08824444 P2
     4     3     4    19  0.04289957 P4
     4     3     4    20  0.02021232 P6
     4     3     5    14 -1.04582503 ZETA
     4     3     5    15 -2.44025826 M0
     4     3     5    16  4.24517320 M2
     4     3     5    17  5.93018277 M4
     4     3     5    18  0.02711398 P2
     4     3     5    19 -0.00784288 P4
     4     3     5    20 -0.00215464 P6
     4     3     6    14  0.37267800 ZETA
     4     3     6    15  1.96277060 M0
     4     3     6    16 -2.45741580 M2
     4     3     6    17 -0.88600829 M4
     4     3     6    18  0.00303663 P2
     4     3     6    19 -0.01585621 P4
     4     3     6    20  0.01305264 P6
     4     3     7    14 -1.22048488 ZETA
     4     3     7    15 -6.42788674 M0
     4     3     7    16 -4.63784141 M2
     4     3     7    17 -6.40036745 M4
     4     3     7    18 -0.07322908 P2
     4     3     7    19  0.00877912 P4
     4     3     7    20  0.01682767 P6
     4     4     4    14  1.00000000 ZETA
     4     4     4    15 -2.83333302 M0
     4     4     4    16 -0.16666666 M2
     4     4     4    17 -0.07575755 M4
     4     4     4    18  0.09074072 P2
     4     4     4    19  0.04124577 P4
     4     4     4    20  0.01133127 P6
     4     4     5    14  1.17260394 ZETA
     4     4     5    15  3.12694349 M0
     4     4     5    16  1.13707038 M2
     4     4     5    17  1.00139688 M4
     4     4     5    18 -0.06948762 P2
     4     4     5    19 -0.03481558 P4
     4     4     5    20 -0.01932667 P6
     4     4     6    14  0.62678317 ZETA
     4     4     6    15 -0.41785547 M0
     4     4     6    16 -1.76005763 M2
     4     4     6    17 -1.11082739 M4
     4     4     6    18 -0.08821391 P2
     4     4     6    19 -0.03127200 P4
     4     4     6    20  0.01807844 P6
     4     4     7    14  1.86605007 ZETA
     4     4     7    15  3.98090643 M0
     4     4     7    16 -2.65393758 M2
     4     4     7    17 -3.35511879 M4
     4     4     7    18 -0.16587109 P2
     4     4     7    19 -0.06911293 P4
     4     5     5    14 -0.50000000 ZETA
     4     5     5    15 -7.58333291 M0
     4     5     5    16 -3.34848408 M2
     4     5     5    17 -3.20592271 M4
     4     5     5    18  0.09907407 P2
     4     5     5    19 -0.00650443 P4
     4     5     5    20 -0.01184632 P6
     4     5     6    14 -0.93541435 ZETA
     4     5     6    15 -0.17817406 M0
     4     5     6    16  2.90207815 M2
     4     5     6    17  5.27282577 M4
     4     5     6    18  0.09700592 P2
     4     5     6    19 -0.02805956 P4
     4     5     6    20 -0.00770868 P6
     4     5     7    15  2.62576507 M0
     4     5     7    16 13.08461846 M2
     4     5     7    17 13.44165804 M4
     4     5     7    18  0.02269180 P2
     4     5     7    19  0.01875355 P4
     4     5     7    20 -0.02427421 P6
     4     6     6    14 -0.23809524 ZETA
     4     6     6    15 12.34126906 M0
     4     6     6    16  1.93145776 M2
     4     6     6    17 -2.06185301 M4
     4     6     6    18 -0.06093474 P2
     4     6     6    19  0.02374029 P4
     4     6     6    20 -0.02673394 P6
     4     6     7    14  0.77973919 ZETA
     4     6     7    15  2.70309573 M0
     4     6     7    16  4.50830906 M2
     4     6     7    17  5.32681302 M4
     4     6     7    18 -0.02079305 P2
     4     6     7    19  0.00620545 P4
     4     6     7    20  0.00148287 P6
     4     7     7    14  0.07142857 ZETA
     4     7     7    15 13.76428503 M0
     4     7     7    16  8.58571241 M2
     4     7     7    17 10.53771026 M4
     4     7     7    18  0.01679894 P2
     4     7     7    19 -0.01022126 P4
     4     7     7    20 -0.02272479 P6

     5     7
     5     1     1     1  1.00000000  4F   F  3
     5     2     2     1  1.00000000  4G   F  3
     5     3     3     1  1.00000000  4I   F  3
     5     4     4     1  1.00000000  2G1  F  3
     5     5     5     1  1.00000000  2G2  F  3
     5     6     6     1  1.00000000  2H1  F  3
     5     7     7     1  1.00000000  2H2  F  3
     5     1     1     2 -0.07179487 F2
     5     2     2     2  0.01709402 F2
     5     3     3     2 -0.22735043 F2
     5     4     4     2  0.07423687 F2
     5     4     5     2  0.24951654 F2
     5     5     5     2  0.11106227 F2
     5     6     6     2  0.05413105 F2
     5     6     7     2  0.12640432 F2
     5     7     7     2 -0.13549858 F2
     5     1     1     3 -0.04895105 F4
     5     2     2     3 -0.02691248 F4
     5     3     3     3 -0.08751854 F4
     5     4     4     3 -0.01549965 F4
     5     4     5     3 -0.03436867 F4
     5     5     5     3  0.14441114 F4
     5     6     6     3  0.02726566 F4
     5     6     7     3 -0.07834979 F4
     5     7     7     3 -0.02874903 F4
     5     1     1     4 -0.06275776 F6
     5     2     2     4 -0.11220326 F6
     5     3     3     4  0.02377188 F6
     5     4     4     4  0.04672872 F6
     5     4     5     4 -0.05338329 F6
     5     5     5     4 -0.10758472 F6
     5     6     6     4  0.01553096 F6
     5     6     7     4  0.02704381 F6
     5     7     7     4  0.12900205 F6
     5     1     1     5 -0.01846153 .01ALPH
     5     2     2     5 -0.01046153 .01ALPH
     5     3     3     5  0.01153847 .01ALPH
     5     4     4     5 -0.01046153 .01ALPH
     5     5     5     5 -0.01046153 .01ALPH
     5     6     6     5 -0.00046153 .01ALPH
     5     7     7     5 -0.00046153 .01ALPH
     5     1     1     6 -0.76923077 BETA
     5     2     2     6 -0.10256410 BETA
     5     3     3     6 -0.10256410 BETA
     5     4     4     6 -0.10256410 BETA
     5     5     5     6  0.48076923 BETA
     5     6     6     6 -0.26923077 BETA
     5     7     7     6  0.48076923 BETA
     5     1     1     7 -0.32307690 GAMMA
     5     2     2     7 -0.32307690 GAMMA
     5     3     3     7 -0.32307690 GAMMA
     5     4     4     7  0.27692306 GAMMA
     5     5     5     7  0.27692306 GAMMA
     5     6     6     7  0.27692306 GAMMA
     5     7     7     7  0.27692306 GAMMA
     5     2     2     8  0.40406100 T2
     5     3     3     8 -0.70710680 T2
     5     4     4     8 -0.07608940 T2
     5     4     5     8  0.12888910 T2
     5     5     5     8  0.00721540 T2
     5     6     6     8  0.06887400 T2
     5     7     7     8 -0.26172130 T2
     5     1     1     9 -0.87831000 T3
     5     2     2     9  0.09759000 T3
     5     3     3     9  0.09759000 T3
     5     4     4     9  0.39036000 T3
     5     5     5     9 -0.03659630 T3
     5     6     6     9 -0.58554000 T3
     5     7     7     9 -0.03659630 T3
     5     2     2    10  1.06091520 T4
     5     3     3    10 -0.28563100 T4
     5     4     4    10  0.15155930 T4
     5     4     5    10 -0.22908110 T4
     5     5     5    10 -0.36068200 T4
     5     6     7    10  0.26111650 T4
     5     7     7    10 -0.29073160 T4
     5     4     4    11  0.23744780 T6
     5     4     5    11 -0.17280420 T6
     5     5     5    11  0.06194950 T6
     5     6     6    11  0.41553370 T6
     5     7     7    11 -0.13744580 T6
     5     4     4    12 -0.78752530 T7
     5     4     5    12 -0.04408670 T7
     5     5     5    12  0.16381536 T7
     5     6     7    12  0.45226700 T7
     5     7     7    12  0.04770590 T7
     5     5     5    13  0.32386390 T8
     5     7     7    13 -0.26497960 T8
     5     1     1    14  1.50000000 ZETA
     5     1     1    15-19.24999896 M0
     5     1     1    16 -0.49999996 M2
     5     1     1    17  0.79545444 M4
     5     1     1    18  0.03611112 P2
     5     1     1    19  0.02020201 P4
     5     1     1    20  0.01699690 P6
     5     1     2    15 -4.76313939 M0
     5     1     2    16 -6.15840181 M2
     5     1     2    17 -4.70190483 M4
     5     1     2    18 -0.04116292 P2
     5     1     2    19 -0.01020569 P4
     5     1     2    20  0.02289738 P6
     5     1     4    14  2.17124059 ZETA
     5     1     4    15  5.06622796 M0
     5     1     4    16  0.87726833 M2
     5     1     4    17  2.58196218 M4
     5     1     4    18 -0.01876381 P2
     5     1     4    19 -0.00465219 P4
     5     1     4    20  0.01043759 P6
     5     1     5    14 -1.07736451 ZETA
     5     1     5    15 -2.51385048 M0
     5     1     5    16  5.67411928 M2
     5     1     5    17  0.65043611 M4
     5     1     5    18 -0.06144966 P2
     5     1     5    19  0.03808864 P4
     5     1     5    20 -0.01314698 P6
     5     2     2    14  0.16666667 ZETA
     5     2     2    15 -1.90555546 M0
     5     2     2    16 -0.60505037 M2
     5     2     2    17 -0.74403109 M4
     5     2     2    18  0.00339506 P2
     5     2     2    19  0.00209162 P4
     5     2     2    20  0.00223192 P6
     5     2     4    14  0.41785545 ZETA
     5     2     4    15  2.20070515 M0
     5     2     4    16 -2.75531313 M2
     5     2     4    17 -0.99341361 M4
     5     2     4    18  0.00340474 P2
     5     2     4    19 -0.01777836 P4
     5     2     4    20  0.01463493 P6
     5     2     5    14 -1.36843672 ZETA
     5     2     5    15 -7.20709973 M0
     5     2     5    16 -5.20005827 M2
     5     2     5    17 -7.17624445 M4
     5     2     5    18 -0.08210619 P2
     5     2     5    19  0.00984336 P4
     5     2     5    20  0.01886759 P6
     5     2     6    14  0.49236596 ZETA
     5     2     6    15  1.44427345 M0
     5     2     6    16  1.33883737 M2
     5     2     6    17 -0.26223336 M4
     5     2     6    18 -0.03793041 P2
     5     2     6    19  0.00979608 P4
     5     2     6    20  0.00405755 P6
     5     2     7    14  1.05025249 ZETA
     5     2     7    15  3.08074050 M0
     5     2     7    16  0.85081027 M2
     5     2     7    17  1.17926236 M4
     5     2     7    18 -0.03423045 P2
     5     2     7    19  0.00208957 P4
     5     2     7    20  0.00965371 P6
     5     3     3    14 -3.50000000 ZETA
     5     3     3    15 36.16666487 M0
     5     3     3    16 -4.56060542 M2
     5     3     3    17 -3.51928325 M4
     5     3     3    18 -0.14259258 P2
     5     3     3    19 -0.06160084 P4
     5     3     3    20 -0.00721080 P6
     5     3     6    14 -0.76870611 ZETA
     5     3     6    15 -2.81858896 M0
     5     3     6    16  2.96611820 M2
     5     3     6    17 -0.16099511 M4
     5     3     6    18 -0.05978825 P2
     5     3     6    19  0.03129412 P4
     5     3     6    20 -0.00767491 P6
     5     3     7    14  2.52262490 ZETA
     5     4     4    14  0.19047619 ZETA
     5     4     4    15 -9.87301525 M0
     5     4     4    16 -1.54516621 M2
     5     4     4    17  1.64948241 M4
     5     4     4    18  0.04874779 P2
     5     4     4    19 -0.01899223 P4
     5     4     4    20  0.02138715 P6
     5     4     5    14 -0.62379135 ZETA
     5     4     5    15 -2.16247658 M0
     5     4     5    16 -3.60664724 M2
     5     4     5    17 -4.26145042 M4
     5     4     5    18  0.01663444 P2
     5     4     5    19 -0.00496436 P4
     5     4     5    20 -0.00118630 P6
     5     4     6    14  2.16024690 ZETA
     5     4     6    15  3.37409991 M0
     5     4     6    16 -0.80674157 M2
     5     4     6    17  0.20970530 M4
     5     4     6    18 -0.02377414 P2
     5     4     6    19  0.00614001 P4
     5     4     6    20  0.00254320 P6
     5     4     7    14 -1.31656118 ZETA
     5     4     7    15 -5.44178600 M0
     5     4     7    16  2.22884483 M2
     5     4     7    17 -0.61229331 M4
     5     4     7    18 -0.09167165 P2
     5     4     7    19  0.02579122 P4
     5     4     7    20  0.00792861 P6
     5     5     5    14 -0.05714286 ZETA
     5     5     5    15-11.01142802 M0
     5     5     5    16 -6.86856993 M2
     5     5     5    17 -8.43016821 M4
     5     5     5    18 -0.01343915 P2
     5     5     5    19  0.00817701 P4
     5     5     5    20  0.01817984 P6
     5     5     6    15 -1.61705201 M0
     5     5     6    16 -0.30217614 M2
     5     5     6    17 -0.39092777 M4
     5     5     6    18 -0.04791265 P2
     5     5     6    19  0.01237413 P4
     5     5     6    20  0.00512538 P6
     5     5     7    14  1.98997487 ZETA
     5     5     7    15  6.36791914 M0
     5     5     7    16 -1.46467475 M2
     5     5     7    17 -0.02633310 M4
     5     5     7    18 -0.01965408 P2
     5     5     7    19 -0.00558355 P4
     5     5     7    20  0.01156355 P6
     5     6     6    15 17.73333240 M0
     5     6     6    16  0.62828272 M2
     5     6     6    17 -0.52708882 M4
     5     6     6    18  0.00148147 P2
     5     6     6    19 -0.01270278 P4
     5     6     6    20 -0.02060230 P6
     5     6     7    15 -0.56881949 M0
     5     6     7    16 -0.63776674 M2
     5     6     7    17 -1.70199895 M4
     5     6     7    18 -0.00632021 P2
     5     6     7    19  0.01305830 P4
     5     6     7    20 -0.00946534 P6
     5     7     7    14 -1.80000000 ZETA
     5     7     7    15  5.50666643 M0
     5     7     7    16 -0.90949494 M2
     5     7     7    17 -0.53766995 M4
     5     7     7    18 -0.08370369 P2
     5     7     7    19 -0.01025405 P4
     5     7     7    20  0.00586373 P6

     6     5
     6     1     1     1  1.00000000  4G   F  3
     6     2     2     1  1.00000000  4I   F  3
     6     3     3     1  1.00000000  2H1  F  3
     6     4     4     1  1.00000000  2H2  F  3
     6     5     5     1  1.00000000  2I   F  3
     6     1     1     2  0.01709402 F2
     6     2     2     2 -0.22735043 F2
     6     3     3     2  0.05413105 F2
     6     3     4     2  0.12640432 F2
     6     4     4     2 -0.13549858 F2
     6     5     5     2  0.03931624 F2
     6     1     1     3 -0.02691248 F4
     6     2     2     3 -0.08751854 F4
     6     3     3     3  0.02726566 F4
     6     3     4     3 -0.07834979 F4
     6     4     4     3 -0.02874903 F4
     6     5     5     3  0.03644840 F4
     6     1     1     4 -0.11220326 F6
     6     2     2     4  0.02377188 F6
     6     3     3     4  0.01553096 F6
     6     3     4     4  0.02704381 F6
     6     4     4     4  0.12900205 F6
     6     5     5     4  0.01236138 F6
     6     1     1     5 -0.01046153 .01ALPH
     6     2     2     5  0.01153847 .01ALPH
     6     3     3     5 -0.00046153 .01ALPH
     6     4     4     5 -0.00046153 .01ALPH
     6     5     5     5  0.01153847 .01ALPH
     6     1     1     6 -0.10256410 BETA
     6     2     2     6 -0.10256410 BETA
     6     3     3     6 -0.26923077 BETA
     6     4     4     6  0.48076923 BETA
     6     5     5     6 -0.10256410 BETA
     6     1     1     7 -0.32307690 GAMMA
     6     2     2     7 -0.32307690 GAMMA
     6     3     3     7  0.27692306 GAMMA
     6     4     4     7  0.27692306 GAMMA
     6     5     5     7  0.27692306 GAMMA
     6     1     1     8  0.40406100 T2
     6     2     2     8 -0.70710680 T2
     6     3     3     8  0.06887400 T2
     6     4     4     8 -0.26172130 T2
     6     5     5     8  0.13315650 T2
     6     1     1     9  0.09759000 T3
     6     2     2     9  0.09759000 T3
     6     3     3     9 -0.58554000 T3
     6     4     4     9 -0.03659630 T3
     6     5     5     9  0.39036000 T3
     6     1     1    10  1.06091520 T4
     6     2     2    10 -0.28563100 T4
     6     3     4    10  0.26111650 T4
     6     4     4    10 -0.29073160 T4
     6     5     5    10 -0.04080440 T4
     6     3     3    11  0.41553370 T6
     6     4     4    11 -0.13744580 T6
     6     5     5    11 -0.41553370 T6
     6     3     4    12  0.45226700 T7
     6     4     4    12  0.04770590 T7
     6     5     5    12  0.21202610 T7
     6     4     4    13 -0.26497960 T8
     6     1     1    14  2.00000000 ZETA
     6     1     1    15-22.86666551 M0
     6     1     1    16 -7.26060439 M2
     6     1     1    17 -8.92837309 M4
     6     1     1    18  0.04074074 P2
     6     1     1    19  0.02509947 P4
     6     1     1    20  0.02678299 P6
     6     1     3    14  0.95346259 ZETA
     6     1     3    15  2.79682350 M0
     6     1     3    16  2.59264743 M2
     6     1     3    17 -0.50781272 M4
     6     1     3    18 -0.07345192 P2
     6     1     3    19  0.01897002 P4
     6     1     3    20  0.00785740 P6
     6     1     4    14  2.03380521 ZETA
     6     1     4    15  5.96582833 M0
     6     1     4    16  1.64758701 M2
     6     1     4    17  2.28363175 M4
     6     1     4    18 -0.06628699 P2
     6     1     4    19  0.00404644 P4
     6     1     4    20  0.01869432 P6
     6     2     2    14 -1.66666667 ZETA
     6     2     2    15 17.22222137 M0
     6     2     2    16 -2.17171687 M2
     6     2     2    17 -1.67584917 M4
     6     2     2    18 -0.06790123 P2
     6     2     2    19 -0.02933373 P4
     6     2     2    20 -0.00343372 P6
     6     2     3    14 -0.47937249 ZETA
     6     2     3    15 -1.75769904 M0
     6     2     3    16  1.84969968 M2
     6     2     3    17 -0.10039809 M4
     6     2     3    18 -0.03728452 P2
     6     2     3    19  0.01951532 P4
     6     2     3    20 -0.00478615 P6
     6     2     4    14  1.57313301 ZETA
     6     2     5    14  0.55277080 ZETA
     6     2     5    15  6.65133527 M0
     6     2     5    16 -1.51349886 M2
     6     2     5    17 -1.88575678 M4
     6     2     5    18  0.04434223 P2
     6     2     5    19  0.00360912 P4
     6     2     5    20 -0.01811133 P6
     6     3     3    15-14.77777700 M0
     6     3     3    16 -0.52356893 M2
     6     3     3    17  0.43924068 M4
     6     3     3    18 -0.00123456 P2
     6     3     3    19  0.01058565 P4
     6     3     3    20  0.01716858 P6
     6     3     4    15  0.47401624 M0
     6     3     4    16  0.53147228 M2
     6     3     4    17  1.41833246 M4
     6     3     4    18  0.00526684 P2
     6     3     4    19 -0.01088191 P4
     6     3     4    20  0.00788778 P6
     6     3     5    14  1.58989867 ZETA
     6     3     5    15  2.64983110 M0
     6     3     5    16 -2.08774556 M2
     6     3     5    17  0.32287612 M4
     6     3     5    18  0.01766554 P2
     6     3     5    19 -0.00924643 P4
     6     3     5    20  0.00226769 P6
     6     4     4    14  1.50000000 ZETA
     6     4     4    15 -4.58888869 M0
     6     4     4    16  0.75791245 M2
     6     4     4    17  0.44805829 M4
     6     4     4    18  0.06975308 P2
     6     4     4    19  0.00854504 P4
     6     4     4    20 -0.00488644 P6
     6     4     5    14  1.49071198 ZETA
     6     4     5    15  5.61501497 M0
     6     4     5    16  4.21766040 M2
     6     4     5    17 -0.94221126 M4
     6     4     5    18 -0.04803405 P2
     6     4     5    19  0.03855683 P4
     6     4     5    20 -0.01807289 P6
     6     5     5    14 -0.33333333 ZETA
     6     5     5    15 19.11111013 M0
     6     5     5    16  0.23737360 M2
     6     5     5    17 -0.54743204 M4
     6     5     5    18 -0.00246915 P2
     6     5     5    19 -0.02400265 P4
     6     5     5    20 -0.01447443 P6

     7     3
     7     1     1     1  1.00000000  4I   F  3
     7     2     2     1  1.00000000  2I   F  3
     7     3     3     1  1.00000000  2K   F  3
     7     1     1     2 -0.22735043 F2
     7     2     2     2  0.03931624 F2
     7     3     3     2 -0.11623932 F2
     7     1     1     3 -0.08751854 F4
     7     2     2     3  0.03644840 F4
     7     3     3     3  0.04287632 F4
     7     1     1     4  0.02377188 F6
     7     2     2     4  0.01236138 F6
     7     3     3     4  0.05895425 F6
     7     1     1     5  0.01153847 .01ALPH
     7     2     2     5  0.01153847 .01ALPH
     7     3     3     5  0.02553847 .01ALPH
     7     1     1     6 -0.10256410 BETA
     7     2     2     6 -0.10256410 BETA
     7     3     3     6  0.48076923 BETA
     7     1     1     7 -0.32307690 GAMMA
     7     2     2     7  0.27692306 GAMMA
     7     3     3     7  0.27692306 GAMMA
     7     1     1     8 -0.70710680 T2
     7     2     2     8  0.13315650 T2
     7     3     3     8  0.03673280 T2
     7     1     1     9  0.09759000 T3
     7     2     2     9  0.39036000 T3
     7     3     3     9 -0.03659630 T3
     7     1     1    10 -0.28563100 T4
     7     2     2    10 -0.04080440 T4
     7     3     3    10  0.26624890 T4
     7     2     2    11 -0.41553370 T6
     7     3     3    11 -0.01278580 T6
     7     2     2    12  0.21202610 T7
     7     3     3    12  0.00176690 T7
     7     3     3    13 -0.26497960 T8
     7     1     1    14  0.50000000 ZETA
     7     1     1    15 -5.16666641 M0
     7     1     1    16  0.65151506 M2
     7     1     1    17  0.50275475 M4
     7     1     1    18  0.02037037 P2
     7     1     1    19  0.00880012 P4
     7     1     1    20  0.00103011 P6
     7     1     2    14  0.59761430 ZETA
     7     1     2    15  7.19092455 M0
     7     1     2    16 -1.63628139 M2
     7     1     2    17 -2.03873872 M4
     7     1     2    18  0.04793950 P2
     7     1     2    19  0.00390191 P4
     7     1     2    20 -0.01958061 P6
     7     1     3    14 -1.06904497 ZETA
     7     1     3    15  3.40136897 M0
     7     1     3    16  1.15156062 M2
     7     1     3    17 -0.29191663 M4
     7     1     3    18  0.01433527 P2
     7     1     3    19  0.00280028 P4
     7     1     3    20 -0.00730501 P6
     7     2     2    14  0.28571429 ZETA
     7     2     2    15-16.38095154 M0
     7     2     2    16 -0.20346309 M2
     7     2     2    17  0.46922746 M4
     7     2     2    18  0.00211641 P2
     7     2     2    19  0.02057370 P4
     7     2     2    20  0.01240666 P6
     7     2     3    14  1.27775313 ZETA
     7     2     3    15  4.25917690 M0
     7     2     3    16 -3.21374248 M2
     7     2     3    17  1.19056563 M4
     7     2     3    18  0.07571869 P2
     7     2     3    19 -0.03050650 P4
     7     2     3    20  0.00161998 P6
     7     3     3    14 -1.28571429 ZETA
     7     3     3    15 11.98095177 M0
     7     3     3    16 -4.43896030 M2
     7     3     3    17 -1.77077494 M4
     7     3     3    18 -0.03915343 P2
     7     3     3    19 -0.03404171 P4
     7     3     3    20  0.00153951 P6

     8     3
     8     1     1     1  1.00000000  4I   F  3
     8     2     2     1  1.00000000  2K   F  3
     8     3     3     1  1.00000000  2L   F  3
     8     1     1     2 -0.22735043 F2
     8     2     2     2 -0.11623932 F2
     8     3     3     2  0.06153846 F2
     8     1     1     3 -0.08751854 F4
     8     2     2     3  0.04287632 F4
     8     3     3     3 -0.01589320 F4
     8     1     1     4  0.02377188 F6
     8     2     2     4  0.05895425 F6
     8     3     3     4  0.05134725 F6
     8     1     1     5  0.01153847 .01ALPH
     8     2     2     5  0.02553847 .01ALPH
     8     3     3     5  0.04153847 .01ALPH
     8     1     1     6 -0.10256410 BETA
     8     2     2     6  0.48076923 BETA
     8     3     3     6  0.48076923 BETA
     8     1     1     7 -0.32307690 GAMMA
     8     2     2     7  0.27692306 GAMMA
     8     3     3     7  0.27692306 GAMMA
     8     1     1     8 -0.70710680 T2
     8     2     2     8  0.03673280 T2
     8     3     3     8  0.22039680 T2
     8     1     1     9  0.09759000 T3
     8     2     2     9 -0.03659630 T3
     8     3     3     9 -0.03659630 T3
     8     1     1    10 -0.28563100 T4
     8     2     2    10  0.26624890 T4
     8     3     3    10 -0.07650810 T4
     8     2     2    11 -0.01278580 T6
     8     3     3    11  0.06392830 T6
     8     2     2    12  0.00176690 T7
     8     3     3    12 -0.02605330 T7
     8     2     2    13 -0.26497960 T8
     8     3     3    13  0.23380540 T8
     8     1     1    14  3.00000000 ZETA
     8     1     1    15-30.99999846 M0
     8     1     1    16  3.90909036 M2
     8     1     1    17  3.01652850 M4
     8     1     1    18  0.12222221 P2
     8     1     1    19  0.05280072 P4
     8     1     1    20  0.00618069 P6
     8     1     2    14 -2.00000000 ZETA
     8     1     2    15  6.36337866 M0
     8     1     2    16  2.15437265 M2
     8     1     2    17 -0.54612601 M4
     8     1     2    18  0.02681883 P2
     8     1     2    19  0.00523884 P4
     8     1     2    20 -0.01366642 P6
     8     2     2    14  1.12500000 ZETA
     8     2     2    15-10.48333280 M0
     8     2     2    16  3.88409026 M2
     8     2     2    17  1.54942807 M4
     8     2     2    18  0.03425925 P2
     8     2     2    19  0.02978650 P4
     8     2     2    20 -0.00134707 P6
     8     2     3    14  1.99608993 ZETA
     8     2     3    15  9.84737657 M0
     8     2     3    16  1.11700365 M2
     8     2     3    17 -0.33190618 M4
     8     2     3    18  0.04435755 P2
     8     2     3    19 -0.00824831 P4
     8     2     3    20 -0.00759213 P6
     8     3     3    14 -1.12500000 ZETA
     8     3     3    15 15.74999930 M0
     8     3     3    16 -1.73863624 M2
     8     3     3    17 -1.35171606 M4
     8     3     3    18 -0.07499999 P2
     8     3     3    19 -0.02703167 P4
     8     3     3    20  0.00213947 P6

     9     1
     9     1     1     1  1.00000000  2L   F  3
     9     1     1     2  0.06153846 F2
     9     1     1     3 -0.01589320 F4
     9     1     1     4  0.05134725 F6
     9     1     1     5  0.04153847 .01ALPH
     9     1     1     6  0.48076923 BETA
     9     1     1     7  0.27692306 GAMMA
     9     1     1     8  0.22039680 T2
     9     1     1     9 -0.03659630 T3
     9     1     1    10 -0.07650810 T4
     9     1     1    11  0.06392830 T6
     9     1     1    12 -0.02605330 T7
     9     1     1    13  0.23380540 T8
     9     1     1    14  1.00000000 ZETA
     9     1     1    15-13.99999938 M0
     9     1     1    16  1.54545444 M2
     9     1     1    17  1.20152539 M4
     9     1     1    18  0.06666666 P2
     9     1     1    19  0.02402815 P4
     9     1     1    20 -0.00190175 P6

